Source Target Weight
0 1 3
0 13 1
0 37 1
0 51 1
0 438481 1
1 0 3
1 4 354
1 10 2602
1 11 2689
1 12 1
1 18 345
1 19 311
1 23 1
1 24 366
1 27 2622
1 31 2659
1 32 2658
1 36 392
1 39 2596
1 40 2579
1 43 2584
1 44 2628
1 45 2622
1 47 2684
1 50 3
1 58 2644
1 62 362
1 63 354
1 64 340
1 68 2589
1 69 2550
1 71 2660
1 73 366
1 74 358
1 76 380
1 77 2705
1 80 352
1 81 348
1 82 2603
1 83 2616
1 85 342
1 87 2538
1 88 2549
1 97 1
1 98 3
1 103 323
1 104 2679
1 105 159
1 106 338
1 108 2686
1 110 2
1 112 2
1 116 2
1 117 338
1 118 38
1 129 354
1 130 384
1 134 364
1 141 2647
1 144 2575
1 150 2609
1 151 358
1 173 1
1 179 6
1 189 382
1 196 368
1 200 361
1 202 5
1 222 2
1 226 17
1 229 2
1 231 340
1 236 1
1 258 1
1 264 1
1 275 13
1 279 374
1 301 1
1 324 1
1 335 3
1 336 2
1 362 1
1 365 326
1 371 12
1 372 1
1 373 2
1 437 17
1 439 15
1 450 5
1 455 2
1 475 7
1 477 25
1 480 2
1 483 1
1 509 1
1 533 1
1 539 19
1 566 17
1 571 1
1 591 1
1 603 1
1 621 17
1 629 38
1 642 2
1 688 11
1 690 4
1 700 2
1 703 67
1 705 1
1 727 1
1 769 1
1 795 1
1 869 2
1 875 1
1 885 1
1 923 1
1 930 2
1 931 4
1 934 3
1 939 13
1 950 2
1 953 2
1 964 7
1 988 2
1 996 19
1 1006 442
1 1010 1
1 1054 3
1 1059 1
1 1060 2
1 1076 4
1 1077 2
1 1136 2
1 1137 2
1 1148 2
1 1183 1
1 1195 5
1 1196 2
1 1225 32
1 1236 63
1 1267 1
1 1271 1
1 1275 1
1 1291 1
1 1292 1
1 1293 3
1 1294 3
1 1328 4
1 1332 1
1 1345 167
1 1355 7
1 1368 1
1 1381 2
1 1391 4
1 1394 8
1 1398 5
1 1405 10
1 1406 1
1 1429 14
1 1435 2
1 1442 23
1 1486 6
1 1490 2
1 1495 1
1 1504 2
1 1506 60
1 1532 7
1 1537 2
1 1601 1
1 1626 2
1 1632 4
1 1637 2
1 1639 4
1 1655 17
1 1753 1
1 1758 41
1 1789 2
1 1796 2
1 1810 2
1 1870 1
1 1874 4
1 1875 1
1 1880 2
1 1881 2
1 1897 1
1 1943 11
1 1958 37
1 1988 114
1 1991 231
1 1994 15
1 1996 2
1 2005 1
1 2013 2
1 2014 1
1 2019 1
1 2040 11
1 2064 1
1 2065 1
1 2066 1
1 2067 2
1 2068 3
1 2069 3
1 2076 1374
1 2082 5
1 2105 11
1 2112 1
1 2113 2
1 2114 2
1 2130 152
1 2143 3
1 2173 24
1 2180 5
1 2191 1
1 2195 1
1 2197 1
1 2212 1
1 2229 1
1 2292 5
1 2311 1
1 2345 2
1 2346 2
1 2360 1
1 2386 3
1 2401 146
1 2456 1
1 2470 2
1 2491 4
1 2493 6
1 2508 15
1 2578 14
1 2635 40
1 2636 1
1 2670 1
1 2673 6
1 2674 1
1 2691 2
1 2716 74
1 2739 1
1 2755 17
1 2776 31
1 2806 46
1 2833 3
1 2853 86
1 2876 2
1 2894 1
1 2895 2
1 2913 1
1 2928 1
1 2995 1
1 2996 6
1 3037 35
1 3045 2
1 3120 2
1 3126 2
1 3139 2
1 3144 1
1 3148 2
1 3149 17
1 3150 6
1 3151 3
1 3158 40
1 3223 1
1 3242 2
1 3289 2
1 3321 209
1 3332 2
1 3378 243
1 3434 2
1 3449 7
1 3450 2
1 3451 1
1 3452 5
1 3458 10
1 3469 1
1 3490 13
1 3509 2
1 3545 7
1 3552 1
1 3581 3
1 3582 1
1 3586 2
1 3592 2
1 3607 6
1 3611 2
1 3644 167
1 3658 1
1 3660 3
1 3661 3
1 3665 3
1 3677 1
1 3757 1
1 3759 2
1 3760 3
1 3761 3
1 3762 3
1 3763 3
1 3764 6
1 3765 3
1 3766 2
1 3767 3
1 3768 3
1 3769 5
1 3770 3
1 3771 3
1 3772 3
1 3773 3
1 3774 4
1 3775 4
1 3776 2
1 3777 5
1 3778 2
1 3779 2
1 3780 2
1 3781 2
1 3782 3
1 3783 2
1 3784 7
1 3785 2
1 3787 32
1 3792 1
1 3866 46
1 3895 2
1 3923 2
1 3926 4
1 3927 4
1 3934 2
1 3935 1
1 3968 1
1 3972 8
1 3974 17
1 3975 3
1 4001 12
1 4036 3
1 4037 2
1 4046 1
1 4057 2
1 4060 4
1 4064 10
1 4072 3
1 4092 4
1 4099 1
1 4104 4
1 4139 3
1 4144 1
1 4152 371
1 4164 1
1 4165 1
1 4210 1
1 4213 3
1 4225 1
1 4250 3
1 4262 2
1 4292 14
1 4295 1
1 4371 4
1 4396 2
1 4403 2
1 4438 2
1 4475 1
1 4490 20
1 4508 1
1 4611 1
1 4617 4
1 4622 1
1 4637 1
1 4653 2
1 4673 9
1 4683 3
1 4704 8
1 4741 1
1 4742 1
1 4743 1
1 4744 3
1 4745 1
1 4747 6
1 4769 1
1 4791 2
1 4792 6
1 4802 1
1 4819 43
1 4859 6
1 4861 5
1 4895 1
1 4923 2
1 4963 28
1 4986 1
1 5013 8
1 5018 1
1 5038 2
1 5039 1
1 5057 7
1 5135 3
1 5136 5
1 5174 27
1 5198 18
1 5205 21
1 5239 3
1 5243 1
1 5318 1
1 5369 1
1 5381 1
1 5406 9
1 5476 17
1 5484 1
1 5493 2
1 5502 2
1 5522 2
1 5525 1
1 5618 2
1 5627 4
1 5638 1
1 5650 2
1 5654 2
1 5655 1
1 5656 2
1 5710 3
1 5723 1
1 5730 7
1 5732 3
1 5763 1
1 5776 34
1 5795 2
1 5796 2
1 5809 10
1 5818 10
1 5843 5
1 5844 5
1 5847 2
1 5849 2
1 5874 32
1 5884 2
1 5895 4
1 5983 5
1 6084 4
1 6091 1
1 6106 1
1 6110 3
1 6111 2
1 6112 2
1 6118 1
1 6119 1
1 6123 2
1 6132 4
1 6141 1
1 6146 5
1 6166 42
1 6192 15
1 6259 5
1 6274 1
1 6282 1
1 6295 3
1 6296 2
1 6357 2
1 6359 1
1 6367 1
1 6370 2
1 6371 1
1 6392 1
1 6407 11
1 6414 5
1 6430 1
1 6475 3
1 6476 2
1 6477 2
1 6494 2
1 6495 2
1 6507 4
1 6633 1
1 6642 1
1 6680 2
1 6693 2
1 6737 3
1 6767 2
1 6777 1
1 6779 3
1 6793 123
1 6794 1
1 6815 2
1 6820 10
1 6837 2
1 6857 1
1 6914 1
1 6916 1
1 6927 2
1 6937 4
1 6938 4
1 6955 5
1 6984 6
1 7034 10
1 7066 1
1 7071 6
1 7078 1
1 7081 1
1 7118 106
1 7159 1
1 7173 5
1 7180 2
1 7211 1
1 7262 1
1 7289 1
1 7307 1
1 7332 2
1 7342 2
1 7412 26
1 7413 2
1 7416 2
1 7450 1
1 7458 4
1 7472 2
1 7501 1
1 7508 1
1 7519 1
1 7526 1
1 7527 7
1 7528 2
1 7534 1
1 7544 28
1 7553 2
1 7567 1
1 7589 1
1 7593 2
1 7597 16
1 7599 2
1 7600 3
1 7604 33
1 7607 7
1 7609 2
1 7652 1
1 7685 3
1 7707 5
1 7715 1
1 7776 6
1 7845 2
1 7857 3
1 7924 1
1 7927 6
1 7930 2
1 7933 2
1 7991 1
1 8012 2
1 8037 4
1 8135 3
1 8136 2
1 8139 1
1 8151 2
1 8307 1
1 8326 2
1 8335 1
1 8336 1
1 8370 2
1 8396 1
1 8467 2
1 8493 5
1 8495 5
1 8504 1
1 8628 5
1 8632 4
1 8636 1
1 8638 4
1 8705 1
1 8719 1
1 8764 2
1 8846 1
1 8849 3
1 8871 3
1 8874 1
1 8875 16
1 8887 1
1 8888 12
1 8912 1
1 8913 1
1 8921 1
1 8928 6
1 8934 1
1 8992 4
1 9021 6
1 9036 2
1 9037 1
1 9044 1
1 9076 2
1 9090 7
1 9095 2
1 9112 3
1 9137 1
1 9153 197
1 9182 5
1 9196 1
1 9282 2
1 9283 3
1 9284 4
1 9285 7
1 9286 4
1 9287 2
1 9288 10
1 9289 1
1 9290 4
1 9291 1
1 9292 1
1 9293 1
1 9294 2
1 9295 1
1 9296 4
1 9318 1
1 9321 1
1 9323 1
1 9326 2
1 9342 6
1 9368 1
1 9377 1
1 9421 1
1 9464 1
1 9467 2
1 9532 1
1 9602 10
1 9614 2
1 9655 2
1 9664 1
1 9691 1
1 9711 2
1 9718 18
1 9750 2
1 9751 2
1 9833 2
1 9889 2
1 9893 2
1 9901 1
1 9904 8
1 9917 2
1 9918 2
1 9926 1
1 9996 4
1 10002 3
1 10005 4
1 10013 13
1 10017 1
1 10111 1
1 10113 2
1 10114 2
1 10115 1
1 10116 1
1 10131 2
1 10143 4
1 10144 1
1 10160 1
1 10166 2
1 10173 2
1 10215 1
1 10237 5
1 10251 2
1 10257 2
1 10259 2
1 10260 9
1 10307 1
1 10309 8
1 10310 1
1 10311 7
1 10324 2
1 10325 2
1 10389 2
1 10451 1
1 10464 7
1 10482 36
1 10489 1
1 10524 1
1 10529 2
1 10557 3
1 10580 11
1 10603 2
1 10644 8
1 10659 4
1 10669 15
1 10671 2
1 10678 2
1 10680 3
1 10711 11
1 10723 1
1 10752 2
1 10755 1
1 10756 1
1 10843 6
1 10860 18
1 10894 2
1 10902 1
1 11009 6
1 11019 2
1 11030 1
1 11034 8
1 11090 2
1 11094 3
1 11108 1
1 11141 1
1 11142 1
1 11165 3
1 11179 1
1 11243 1
1 11255 3
1 11313 10
1 11336 3
1 11337 1
1 11341 1
1 11342 2
1 11412 19
1 11429 1
1 11434 6
1 11464 3
1 11497 1
1 11501 4
1 11504 4
1 11509 1
1 11542 2
1 11554 8
1 11563 4
1 11569 2
1 11584 3
1 11595 2
1 11626 3
1 11628 23
1 11649 1
1 11685 8
1 11705 2
1 11726 2
1 11759 4
1 11793 2
1 11795 1
1 11823 1
1 11831 1
1 11844 27
1 11859 1
1 11867 1
1 11880 2
1 11897 3
1 12009 1
1 12015 7
1 12136 1
1 12145 1
1 12205 1
1 12253 1
1 12307 1
1 12322 1
1 12325 1
1 12398 51
1 12518 1
1 12537 2
1 12563 2
1 12564 2
1 12569 10
1 12574 2
1 12591 1
1 12595 3
1 12596 1
1 12613 6
1 12628 1
1 12638 1
1 12651 1
1 12708 3
1 12709 8
1 12744 1
1 12781 1
1 12784 1
1 12800 1
1 12801 1
1 12922 4
1 12923 1
1 12982 2
1 12988 1
1 13008 1
1 13015 2
1 13066 13
1 13087 1
1 13088 3
1 13092 2
1 13116 9
1 13121 1
1 13125 2
1 13133 7
1 13140 9
1 13146 2
1 13170 4
1 13184 2
1 13189 5
1 13192 1
1 13197 3
1 13228 31
1 13236 9
1 13243 3
1 13257 2
1 13258 2
1 13282 1
1 13283 2
1 13298 4
1 13309 2
1 13340 4
1 13410 1
1 13417 1
1 13436 3
1 13490 6
1 13502 1
1 13508 4
1 13524 5
1 13526 2
1 13550 3
1 13558 3
1 13641 1
1 13642 1
1 13643 2
1 13645 2
1 13646 1
1 13647 2
1 13666 1
1 13669 4
1 13713 2
1 13737 1
1 13742 30
1 13747 2
1 13752 1
1 13759 1
1 13790 4
1 13799 2
1 13807 1
1 13811 2
1 13820 1
1 13823 2
1 13875 1
1 13886 2
1 13888 1
1 13906 11
1 13933 250
1 13968 3
1 14008 6
1 14051 1
1 14169 1
1 14172 1
1 14186 1
1 14222 2
1 14272 2
1 14276 2
1 14311 1
1 14353 1
1 14366 5
1 14410 2
1 14455 3
1 14456 1
1 14531 2
1 14538 1
1 14582 2
1 14604 4
1 14612 1
1 14613 2
1 14620 1
1 14642 1
1 14680 2
1 14682 1
1 14686 2
1 14741 4
1 14742 3
1 14745 4
1 14771 2
1 14823 1
1 14827 1
1 14828 1
1 14855 4
1 14879 2
1 14918 13
1 14924 1
1 14933 4
1 15067 132
1 15103 4
1 15107 1
1 15114 5
1 15115 2
1 15134 4
1 15153 2
1 15163 4
1 15191 1
1 15220 3
1 15221 1
1 15223 20
1 15230 3
1 15257 6
1 15271 1
1 15317 6
1 15318 4
1 15340 1
1 15354 2
1 15355 2
1 15374 3
1 15398 6
1 15468 1
1 15513 6
1 15532 1
1 15543 1
1 15544 1
1 15565 1
1 15574 2
1 15578 42
1 15584 3
1 15601 2
1 15633 1
1 15672 2
1 15686 12
1 15708 2
1 15793 3
1 15893 18
1 15906 7
1 15911 7
1 15914 1
1 15960 2
1 15970 3
1 16006 4
1 16007 5
1 16032 2
1 16033 2
1 16034 3
1 16043 1
1 16045 4
1 16053 4
1 16056 1
1 16072 3
1 16073 2
1 16077 1
1 16078 2
1 16125 1
1 16126 1
1 16127 3
1 16157 2
1 16192 20
1 16201 1
1 16265 7
1 16266 2
1 16271 3
1 16283 1
1 16284 3
1 16287 1
1 16297 1
1 16367 3
1 16386 3
1 16387 2
1 16408 1
1 16409 1
1 16424 3
1 16430 1
1 16432 1
1 16446 37
1 16490 2
1 16491 2
1 16500 1
1 16503 1
1 16512 1
1 16527 6
1 16554 3
1 16567 1
1 16591 1
1 16596 1
1 16598 1
1 16599 1
1 16608 1
1 16617 1
1 16631 1
1 16642 7
1 16656 2
1 16657 5
1 16684 2
1 16693 3
1 16694 1
1 16725 1
1 16825 2
1 16829 4
1 16832 2
1 16859 2
1 16867 1
1 16876 4
1 16878 6
1 16906 2
1 16907 2
1 16936 2
1 16943 2
1 16951 27
1 16980 3
1 17019 6
1 17054 5
1 17064 3
1 17118 1
1 17128 5
1 17152 2
1 17186 2
1 17203 15
1 17218 1
1 17234 1
1 17236 2
1 17237 2
1 17241 2
1 17293 2
1 17300 2
1 17303 3
1 17325 2
1 17419 1
1 17420 1
1 17429 2
1 17447 3
1 17449 4
